Number of test runs: 3
              precision  recall  f1-score  support
0                 0.311   0.374     0.340     1000
1                 0.361   0.306     0.331     1000
2                 0.232   0.232     0.232     1000
3                 0.191   0.219     0.204     1000
4                 0.274   0.247     0.260     1000
5                 0.229   0.286     0.255     1000
6                 0.334   0.308     0.321     1000
7                 0.327   0.260     0.290     1000
8                 0.333   0.331     0.332     1000
9                 0.364   0.344     0.354     1000
macro avg         0.296   0.291     0.292    10000
weighted avg      0.296   0.291     0.292    10000
accuracy          0.291
Accuracy: 0.291
