Number of test runs: 3
              precision  recall  f1-score  support
0                 0.623   0.590     0.606     1000
1                 0.702   0.756     0.728     1000
2                 0.480   0.481     0.480     1000
3                 0.369   0.421     0.393     1000
4                 0.527   0.510     0.519     1000
5                 0.458   0.553     0.501     1000
6                 0.757   0.480     0.588     1000
7                 0.683   0.579     0.627     1000
8                 0.673   0.741     0.705     1000
9                 0.684   0.735     0.709     1000
macro avg         0.596   0.585     0.586    10000
weighted avg      0.596   0.585     0.586    10000
accuracy          0.585
Accuracy: 0.585
