Number of test runs: 3
              precision  recall  f1-score  support
0                 0.793   0.906     0.846     1385
1                 0.991   0.794     0.881     1590
2                 0.767   0.843     0.804     1399
3                 0.862   0.773     0.815     1407
4                 0.953   0.926     0.939     1331
5                 0.747   0.888     0.811     1267
6                 0.931   0.917     0.924     1310
7                 0.965   0.839     0.898     1491
8                 0.706   0.708     0.707     1437
9                 0.830   0.911     0.869     1383
macro avg         0.855   0.851     0.849    14000
weighted avg      0.857   0.848     0.849    14000
accuracy          0.848