Number of test runs: 3
              precision  recall  f1-score  support
0                 0.664   0.403     0.502     1000
1                 0.510   0.624     0.561     1000
2                 0.667   0.004     0.008     1000
3                 0.500   0.002     0.004     1000
4                 0.188   0.828     0.307     1000
5                 0.557   0.326     0.411     1000
6                 0.678   0.383     0.489     1000
7                 0.821   0.422     0.557     1000
8                 0.563   0.662     0.608     1000
9                 0.519   0.480     0.499     1000
macro avg         0.567   0.413     0.395    10000
weighted avg      0.567   0.413     0.395    10000
accuracy          0.413
Accuracy: 0.413
