Number of test runs: 3
              precision  recall  f1-score  support
0                 0.644   0.530     0.581     1000
1                 0.643   0.682     0.662     1000
2                 0.523   0.201     0.290     1000
3                 0.376   0.144     0.208     1000
4                 0.354   0.505     0.416     1000
5                 0.364   0.642     0.464     1000
6                 0.508   0.683     0.583     1000
7                 0.719   0.543     0.619     1000
8                 0.639   0.615     0.627     1000
9                 0.543   0.596     0.568     1000
macro avg         0.531   0.514     0.502    10000
weighted avg      0.531   0.514     0.502    10000
accuracy          0.514
Accuracy: 0.514
