Number of test runs: 3
              precision  recall  f1-score  support
0                 0.915   0.883     0.899     1385
1                 0.953   0.908     0.930     1590
2                 0.854   0.730     0.787     1399
3                 0.555   0.901     0.687     1407
4                 0.960   0.840     0.896     1331
5                 0.592   0.653     0.621     1267
6                 0.832   0.940     0.883     1310
7                 0.967   0.795     0.873     1491
8                 0.893   0.251     0.391     1437
9                 0.649   0.938     0.767     1383
macro avg         0.817   0.784     0.773    14000
weighted avg      0.821   0.784     0.775    14000
accuracy          0.784