Number of test runs: 3
              precision  recall  f1-score  support
0                 0.617   0.770     0.685     1000
1                 0.844   0.855     0.849     1000
2                 0.608   0.459     0.523     1000
3                 0.434   0.363     0.395     1000
4                 0.730   0.497     0.591     1000
5                 0.441   0.723     0.548     1000
6                 0.841   0.621     0.715     1000
7                 0.731   0.697     0.713     1000
8                 0.724   0.869     0.790     1000
9                 0.840   0.784     0.811     1000
macro avg         0.681   0.664     0.662    10000
weighted avg      0.681   0.664     0.662    10000
accuracy          0.664
Accuracy: 0.664
