Number of test runs: 3
              precision  recall  f1-score  support
0                 0.827   0.914     0.869     1385
1                 0.979   0.831     0.899     1590
2                 0.778   0.881     0.827     1399
3                 0.914   0.726     0.809     1407
4                 0.917   0.967     0.941     1331
5                 0.837   0.849     0.843     1267
6                 0.962   0.889     0.924     1310
7                 0.979   0.828     0.898     1491
8                 0.709   0.774     0.740     1437
9                 0.774   0.946     0.852     1383
macro avg         0.868   0.861     0.860    14000
weighted avg      0.869   0.859     0.860    14000
accuracy          0.859