Number of test runs: 3
              precision  recall  f1-score  support
0                 0.614   0.768     0.682     1000
1                 0.825   0.832     0.828     1000
2                 0.566   0.445     0.498     1000
3                 0.449   0.302     0.361     1000
4                 0.665   0.449     0.536     1000
5                 0.406   0.755     0.528     1000
6                 0.776   0.614     0.686     1000
7                 0.733   0.657     0.693     1000
8                 0.722   0.853     0.782     1000
9                 0.851   0.749     0.797     1000
macro avg         0.661   0.642     0.639    10000
weighted avg      0.661   0.642     0.639    10000
accuracy          0.642
Accuracy: 0.642
