Number of test runs: 3
              precision  recall  f1-score  support
0                 0.904   0.670     0.770     1385
1                 0.899   0.870     0.884     1590
2                 0.543   0.821     0.654     1399
3                 0.935   0.245     0.389     1407
4                 0.817   0.895     0.854     1331
5                 0.475   0.713     0.570     1267
6                 0.936   0.798     0.861     1310
7                 0.981   0.688     0.809     1491
8                 0.464   0.659     0.544     1437
9                 0.734   0.736     0.735     1383
macro avg         0.769   0.709     0.707    14000
weighted avg      0.773   0.710     0.709    14000
accuracy          0.710