Number of test runs: 3
              precision  recall  f1-score  support
0                 0.659   0.963     0.783     1385
1                 0.964   0.861     0.910     1590
2                 0.736   0.866     0.796     1399
3                 0.931   0.664     0.775     1407
4                 0.972   0.904     0.937     1331
5                 0.863   0.829     0.846     1267
6                 0.933   0.852     0.891     1310
7                 0.982   0.781     0.870     1491
8                 0.791   0.715     0.751     1437
9                 0.733   0.940     0.824     1383
macro avg         0.857   0.837     0.838    14000
weighted avg      0.858   0.836     0.838    14000
accuracy          0.836