Number of test runs: 3
              precision  recall  f1-score  support
0                 0.828   0.939     0.880     1385
1                 0.972   0.899     0.934     1590
2                 0.676   0.929     0.783     1399
3                 0.905   0.636     0.747     1407
4                 0.929   0.956     0.943     1331
5                 0.759   0.878     0.814     1267
6                 0.922   0.908     0.915     1310
7                 0.966   0.805     0.878     1491
8                 0.863   0.603     0.710     1437
9                 0.773   0.936     0.847     1383
macro avg         0.859   0.849     0.845    14000
weighted avg      0.862   0.847     0.845    14000
accuracy          0.847