Number of test runs: 3
              precision  recall  f1-score  support
0                 0.685   0.642     0.663      678
1                 0.696   0.735     0.715     1896
2                 0.703   0.720     0.711     1444
3                 0.643   0.683     0.662     1157
4                 0.694   0.700     0.697     1023
5                 0.695   0.649     0.671      940
6                 0.689   0.642     0.664      773
7                 0.658   0.673     0.665      764
8                 0.645   0.639     0.642      682
9                 0.692   0.614     0.651      643
macro avg         0.680   0.670     0.674    10000
weighted avg      0.683   0.682     0.682    10000
accuracy          0.682
Accuracy: 0.682
