Number of test runs: 3
              precision  recall  f1-score  support
0                 0.915   0.914     0.914      986
1                 0.942   0.945     0.943     1125
2                 0.877   0.843     0.860      999
3                 0.753   0.863     0.804     1020
4                 0.895   0.854     0.874      975
5                 0.940   0.659     0.774      902
6                 0.892   0.892     0.892      982
7                 0.969   0.831     0.895     1042
8                 0.744   0.890     0.810      975
9                 0.792   0.918     0.850      994
macro avg         0.872   0.861     0.862    10000
weighted avg      0.872   0.864     0.864    10000
accuracy          0.864
Accuracy: 0.864
