Number of test runs: 3
              precision  recall  f1-score  support
0                 0.398   0.533     0.456     1000
1                 0.407   0.654     0.502     1000
2                 0.413   0.114     0.179     1000
3                 0.284   0.182     0.222     1000
4                 0.259   0.564     0.355     1000
5                 0.541   0.197     0.289     1000
6                 0.448   0.404     0.425     1000
7                 0.583   0.449     0.507     1000
8                 0.535   0.458     0.494     1000
9                 0.437   0.468     0.452     1000
macro avg         0.431   0.402     0.388    10000
weighted avg      0.431   0.402     0.388    10000
accuracy          0.402
Accuracy: 0.402
