Number of test runs: 3
              precision  recall  f1-score  support
0                 0.513   0.522     0.517     1000
1                 0.577   0.572     0.575     1000
2                 0.368   0.147     0.210     1000
3                 0.273   0.318     0.294     1000
4                 0.331   0.451     0.382     1000
5                 0.377   0.261     0.308     1000
6                 0.472   0.573     0.518     1000
7                 0.558   0.555     0.557     1000
8                 0.542   0.571     0.556     1000
9                 0.504   0.559     0.530     1000
macro avg         0.451   0.453     0.445    10000
weighted avg      0.451   0.453     0.445    10000
accuracy          0.453
Accuracy: 0.453
