Number of test runs: 3
              precision  recall  f1-score  support
0                 0.900   0.982     0.939     1361
1                 0.980   0.978     0.979     1628
2                 0.948   0.921     0.934     1349
3                 0.980   0.913     0.945     1419
4                 0.955   0.979     0.967     1357
5                 0.936   0.943     0.940     1268
6                 0.984   0.916     0.949     1377
7                 0.929   0.966     0.947     1426
8                 0.908   0.934     0.921     1422
9                 0.935   0.916     0.926     1393
macro avg         0.946   0.945     0.945    14000
weighted avg      0.946   0.945     0.945    14000
accuracy          0.945