Number of test runs: 3
              precision  recall  f1-score  support
0                 0.578   0.544     0.561     1000
1                 0.828   0.487     0.613     1000
2                 0.634   0.071     0.128     1000
3                 0.189   0.840     0.308     1000
4                 0.437   0.428     0.432     1000
5                 0.538   0.217     0.309     1000
6                 0.776   0.457     0.575     1000
7                 0.838   0.326     0.469     1000
8                 0.542   0.740     0.626     1000
9                 0.866   0.161     0.272     1000
macro avg         0.623   0.427     0.429    10000
weighted avg      0.623   0.427     0.429    10000
accuracy          0.427
Accuracy: 0.427
