Number of test runs: 3
              precision  recall  f1-score  support
0                 0.650   0.746     0.695     1000
1                 0.813   0.811     0.812     1000
2                 0.599   0.465     0.524     1000
3                 0.424   0.433     0.429     1000
4                 0.589   0.599     0.594     1000
5                 0.566   0.585     0.576     1000
6                 0.668   0.754     0.709     1000
7                 0.757   0.688     0.721     1000
8                 0.792   0.773     0.782     1000
9                 0.747   0.743     0.745     1000
macro avg         0.661   0.660     0.659    10000
weighted avg      0.661   0.660     0.659    10000
accuracy          0.660
Accuracy: 0.660
