Number of test runs: 3
              precision  recall  f1-score  support
0                 0.945   0.836     0.887     1385
1                 0.961   0.935     0.948     1590
2                 0.903   0.773     0.833     1399
3                 0.721   0.869     0.788     1407
4                 0.882   0.970     0.924     1331
5                 0.889   0.612     0.725     1267
6                 0.875   0.948     0.910     1310
7                 0.943   0.878     0.909     1491
8                 0.669   0.834     0.742     1437
9                 0.882   0.894     0.888     1383
macro avg         0.867   0.855     0.855    14000
weighted avg      0.868   0.857     0.857    14000
accuracy          0.857