Number of test runs: 3
              precision  recall  f1-score  support
0                 0.902   0.883     0.892     1385
1                 0.953   0.923     0.938     1590
2                 0.753   0.856     0.801     1399
3                 0.878   0.716     0.789     1407
4                 0.942   0.919     0.930     1331
5                 0.576   0.858     0.690     1267
6                 0.942   0.874     0.907     1310
7                 0.964   0.820     0.886     1491
8                 0.814   0.527     0.640     1437
9                 0.725   0.928     0.814     1383
macro avg         0.845   0.830     0.829    14000
weighted avg      0.849   0.830     0.830    14000
accuracy          0.830