Number of test runs: 3
              precision  recall  f1-score  support
0                 0.401   0.683     0.506     1000
1                 0.677   0.605     0.639     1000
2                 0.371   0.433     0.400     1000
3                 0.290   0.228     0.255     1000
4                 0.553   0.293     0.383     1000
5                 0.357   0.546     0.432     1000
6                 0.787   0.289     0.423     1000
7                 0.500   0.594     0.543     1000
8                 0.485   0.644     0.553     1000
9                 0.688   0.351     0.465     1000
macro avg         0.511   0.467     0.460    10000
weighted avg      0.511   0.467     0.460    10000
accuracy          0.467
Accuracy: 0.467
