Number of test runs: 3
              precision  recall  f1-score  support
0                 0.716   0.944     0.814     1385
1                 0.948   0.941     0.944     1590
2                 0.857   0.809     0.832     1399
3                 0.873   0.729     0.795     1407
4                 0.913   0.950     0.932     1331
5                 0.901   0.717     0.799     1267
6                 0.954   0.863     0.906     1310
7                 0.972   0.826     0.893     1491
8                 0.686   0.798     0.738     1437
9                 0.785   0.899     0.838     1383
macro avg         0.861   0.848     0.849    14000
weighted avg      0.861   0.849     0.850    14000
accuracy          0.849