Number of test runs: 3
              precision  recall  f1-score  support
0                 0.763   0.946     0.845     1385
1                 0.985   0.843     0.908     1590
2                 0.784   0.881     0.830     1399
3                 0.811   0.810     0.811     1407
4                 0.942   0.950     0.946     1331
5                 0.891   0.758     0.819     1267
6                 0.929   0.912     0.921     1310
7                 0.937   0.852     0.892     1491
8                 0.776   0.728     0.751     1437
9                 0.816   0.906     0.859     1383
macro avg         0.863   0.859     0.858    14000
weighted avg      0.864   0.858     0.858    14000
accuracy          0.858