Number of test runs: 3
              precision  recall  f1-score  support
0                  0.00     0.0     0.000     1000
1                  0.00     0.0     0.000     1000
2                  0.00     0.0     0.000     1000
3                  0.00     0.0     0.000     1000
4                  0.00     0.0     0.000     1000
5                  0.00     0.0     0.000     1000
6                  0.10     1.0     0.182     1000
7                  0.00     0.0     0.000     1000
8                  0.00     0.0     0.000     1000
9                  0.00     0.0     0.000     1000
macro avg          0.01     0.1     0.018    10000
weighted avg       0.01     0.1     0.018    10000
accuracy          0.100
Accuracy: 0.100
