Number of test runs: 3
              precision  recall  f1-score  support
0                 0.606   0.753     0.672     1000
1                 0.816   0.804     0.810     1000
2                 0.567   0.478     0.519     1000
3                 0.385   0.444     0.412     1000
4                 0.596   0.524     0.558     1000
5                 0.460   0.597     0.520     1000
6                 0.823   0.521     0.638     1000
7                 0.763   0.648     0.701     1000
8                 0.696   0.844     0.763     1000
9                 0.831   0.752     0.790     1000
macro avg         0.654   0.637     0.638    10000
weighted avg      0.654   0.636     0.638    10000
accuracy          0.636
Accuracy: 0.636
