Number of test runs: 3
              precision  recall  f1-score  support
0                 0.788   0.715     0.750     1351
1                 0.997   0.658     0.793     1633
2                 0.690   0.787     0.735     1485
3                 0.724   0.763     0.743     1394
4                 0.828   0.625     0.712     1364
5                 0.381   0.894     0.534     1249
6                 0.919   0.658     0.767     1370
7                 0.969   0.647     0.776     1414
8                 0.317   0.323     0.320     1358
9                 0.567   0.520     0.542     1382
macro avg         0.718   0.659     0.667    14000
weighted avg      0.727   0.658     0.672    14000
accuracy          0.658