Number of test runs: 3
              precision  recall  f1-score  support
0                 0.993   0.985     0.989      986
1                 0.994   0.954     0.973     1125
2                 0.842   0.980     0.906      999
3                 0.794   0.957     0.868     1020
4                 0.490   0.989     0.655      975
5                 0.896   0.744     0.813      902
6                 0.975   0.948     0.961      982
7                 0.959   0.898     0.928     1042
8                 0.972   0.850     0.907      975
9                 0.958   0.046     0.088      994
macro avg         0.887   0.835     0.809    10000
weighted avg      0.889   0.838     0.811    10000
accuracy          0.838
Accuracy: 0.838
