Number of test runs: 3
              precision  recall  f1-score  support
0                 0.956   0.859     0.905     1385
1                 0.964   0.940     0.952     1590
2                 0.712   0.858     0.779     1399
3                 0.645   0.845     0.731     1407
4                 0.969   0.811     0.883     1331
5                 0.728   0.706     0.717     1267
6                 0.810   0.951     0.875     1310
7                 0.966   0.751     0.845     1491
8                 0.907   0.272     0.419     1437
9                 0.598   0.952     0.735     1383
macro avg         0.826   0.795     0.784    14000
weighted avg      0.829   0.795     0.785    14000
accuracy          0.795