Number of test runs: 3
              precision  recall  f1-score  support
0                 0.806   0.927     0.862     1385
1                 0.931   0.879     0.904     1590
2                 0.749   0.771     0.760     1399
3                 0.744   0.754     0.749     1407
4                 0.962   0.847     0.901     1331
5                 0.570   0.757     0.650     1267
6                 0.918   0.811     0.861     1310
7                 0.984   0.723     0.834     1491
8                 0.811   0.566     0.667     1437
9                 0.664   0.926     0.774     1383
macro avg         0.814   0.796     0.796    14000
weighted avg      0.818   0.796     0.798    14000
accuracy          0.796