Number of test runs: 3
              precision  recall  f1-score  support
0                 0.698   0.659     0.678      678
1                 0.686   0.758     0.720     1896
2                 0.724   0.737     0.730     1444
3                 0.698   0.692     0.695     1157
4                 0.722   0.710     0.716     1023
5                 0.703   0.672     0.687      940
6                 0.709   0.674     0.691      773
7                 0.685   0.681     0.683      764
8                 0.672   0.658     0.665      682
9                 0.706   0.639     0.671      643
macro avg         0.700   0.688     0.694    10000
weighted avg      0.701   0.701     0.700    10000
accuracy          0.701
Accuracy: 0.701
