Number of test runs: 3
              precision  recall  f1-score  support
0                 0.986   0.994     0.990      986
1                 0.998   0.981     0.990     1125
2                 0.953   0.979     0.966      999
3                 0.953   0.966     0.959     1020
4                 0.971   0.985     0.978      975
5                 0.982   0.978     0.980      902
6                 0.990   0.990     0.990      982
7                 0.983   0.850     0.912     1042
8                 0.977   0.971     0.974      975
9                 0.847   0.939     0.891      994
macro avg         0.964   0.963     0.963    10000
weighted avg      0.964   0.963     0.963    10000
accuracy          0.963
Accuracy: 0.963
