Number of test runs: 3
              precision  recall  f1-score  support
0                 0.987   0.996     0.991      986
1                 0.996   0.984     0.990     1125
2                 0.981   0.987     0.984      999
3                 0.993   0.991     0.992     1020
4                 0.974   0.995     0.984      975
5                 0.967   0.993     0.980      902
6                 0.994   0.993     0.993      982
7                 0.982   0.985     0.983     1042
8                 0.983   0.983     0.983      975
9                 0.990   0.944     0.967      994
macro avg         0.985   0.985     0.985    10000
weighted avg      0.985   0.985     0.985    10000
accuracy          0.985
Accuracy: 0.985
