Number of test runs: 3
              precision  recall  f1-score  support
0                 0.827   0.900     0.862     1385
1                 0.989   0.829     0.902     1590
2                 0.660   0.937     0.774     1399
3                 0.834   0.751     0.790     1407
4                 0.949   0.918     0.934     1331
5                 0.833   0.747     0.788     1267
6                 0.966   0.877     0.919     1310
7                 0.939   0.854     0.895     1491
8                 0.739   0.725     0.732     1437
9                 0.825   0.913     0.867     1383
macro avg         0.856   0.845     0.846    14000
weighted avg      0.857   0.845     0.847    14000
accuracy          0.845