Number of test runs: 3
              precision  recall  f1-score  support
0                 0.987   0.990     0.988      986
1                 0.990   0.981     0.986     1125
2                 0.956   0.990     0.972      999
3                 0.817   0.974     0.888     1020
4                 0.981   0.983     0.982      975
5                 0.992   0.778     0.872      902
6                 0.985   0.990     0.987      982
7                 0.982   0.980     0.981     1042
8                 0.982   0.981     0.981      975
9                 0.982   0.948     0.965      994
macro avg         0.965   0.959     0.960    10000
weighted avg      0.965   0.961     0.961    10000
accuracy          0.961
Accuracy: 0.961
