Number of test runs: 3
              precision  recall  f1-score  support
0                 0.777   0.910     0.838     1385
1                 0.963   0.917     0.939     1590
2                 0.917   0.724     0.809     1399
3                 0.699   0.880     0.779     1407
4                 0.908   0.954     0.930     1331
5                 0.873   0.552     0.677     1267
6                 0.940   0.842     0.888     1310
7                 0.918   0.860     0.889     1491
8                 0.635   0.849     0.726     1437
9                 0.888   0.832     0.859     1383
macro avg         0.852   0.832     0.834    14000
weighted avg      0.852   0.835     0.836    14000
accuracy          0.835