Number of test runs: 3
              precision  recall  f1-score  support
0                 0.778   0.077     0.140     1000
1                 0.865   0.231     0.365     1000
2                 0.643   0.045     0.084     1000
3                 0.510   0.051     0.093     1000
4                 0.533   0.049     0.090     1000
5                 0.110   0.962     0.197     1000
6                 0.848   0.145     0.248     1000
7                 0.944   0.135     0.236     1000
8                 0.854   0.117     0.206     1000
9                 0.782   0.111     0.194     1000
macro avg         0.687   0.192     0.185    10000
weighted avg      0.687   0.192     0.185    10000
accuracy          0.192