Number of test runs: 3
              precision  recall  f1-score  support
0                 0.931   0.536     0.681     1385
1                 0.928   0.911     0.920     1590
2                 0.575   0.873     0.693     1399
3                 0.879   0.563     0.686     1407
4                 0.975   0.657     0.785     1331
5                 0.436   0.778     0.559     1267
6                 0.757   0.916     0.829     1310
7                 0.945   0.789     0.860     1491
8                 0.891   0.244     0.383     1437
9                 0.576   0.930     0.711     1383
macro avg         0.789   0.720     0.711    14000
weighted avg      0.795   0.720     0.714    14000
accuracy          0.720