Number of test runs: 3
              precision  recall  f1-score  support
0                 0.859   0.867     0.863     1351
1                 0.977   0.800     0.880     1633
2                 0.884   0.824     0.853     1485
3                 0.804   0.664     0.727     1394
4                 0.805   0.934     0.865     1364
5                 0.695   0.795     0.742     1249
6                 0.890   0.844     0.866     1370
7                 0.886   0.789     0.835     1414
8                 0.555   0.583     0.569     1358
9                 0.672   0.860     0.754     1382
macro avg         0.803   0.796     0.795    14000
weighted avg      0.808   0.796     0.798    14000
accuracy          0.796