Number of test runs: 3
              precision  recall  f1-score  support
0                 0.398   0.639     0.491     1000
1                 0.551   0.836     0.665     1000
2                 0.591   0.026     0.050     1000
3                 0.303   0.278     0.290     1000
4                 0.221   0.851     0.351     1000
5                 0.478   0.375     0.420     1000
6                 0.791   0.291     0.425     1000
7                 0.859   0.238     0.373     1000
8                 0.778   0.137     0.233     1000
9                 0.812   0.375     0.513     1000
macro avg         0.578   0.405     0.381    10000
weighted avg      0.578   0.405     0.381    10000
accuracy          0.405
Accuracy: 0.405
