Number of test runs: 3
              precision  recall  f1-score  support
0                 0.636   0.580     0.606      678
1                 0.615   0.716     0.662     1896
2                 0.631   0.689     0.659     1444
3                 0.546   0.595     0.570     1157
4                 0.665   0.637     0.651     1023
5                 0.604   0.589     0.597      940
6                 0.655   0.508     0.572      773
7                 0.642   0.606     0.624      764
8                 0.632   0.563     0.595      682
9                 0.663   0.527     0.588      643
macro avg         0.629   0.601     0.612    10000
weighted avg      0.624   0.622     0.621    10000
accuracy          0.622
Accuracy: 0.622
