Number of test runs: 3
              precision  recall  f1-score  support
0                 0.698   0.671     0.684      678
1                 0.699   0.737     0.717     1896
2                 0.720   0.733     0.726     1444
3                 0.655   0.695     0.674     1157
4                 0.706   0.712     0.709     1023
5                 0.700   0.665     0.682      940
6                 0.691   0.665     0.678      773
7                 0.697   0.652     0.673      764
8                 0.681   0.647     0.663      682
9                 0.686   0.663     0.674      643
macro avg         0.693   0.684     0.688    10000
weighted avg      0.695   0.695     0.694    10000
accuracy          0.695
Accuracy: 0.695
