Number of test runs: 3
              precision  recall  f1-score  support
0                 0.650   0.652     0.651      678
1                 0.713   0.715     0.714     1896
2                 0.697   0.738     0.716     1444
3                 0.619   0.696     0.655     1157
4                 0.729   0.679     0.703     1023
5                 0.668   0.660     0.664      940
6                 0.661   0.647     0.654      773
7                 0.682   0.662     0.672      764
8                 0.647   0.620     0.633      682
9                 0.705   0.610     0.654      643
macro avg         0.677   0.668     0.672    10000
weighted avg      0.681   0.680     0.680    10000
accuracy          0.680
Accuracy: 0.680
