Number of test runs: 3
              precision  recall  f1-score  support
0                 0.651   0.773     0.707     1000
1                 0.832   0.844     0.838     1000
2                 0.602   0.465     0.525     1000
3                 0.439   0.407     0.422     1000
4                 0.725   0.479     0.577     1000
5                 0.440   0.713     0.544     1000
6                 0.829   0.660     0.735     1000
7                 0.725   0.691     0.708     1000
8                 0.755   0.858     0.803     1000
9                 0.852   0.793     0.821     1000
macro avg         0.685   0.668     0.668    10000
weighted avg      0.685   0.668     0.668    10000
accuracy          0.668
Accuracy: 0.668
