Number of test runs: 3
              precision  recall  f1-score  support
0                 0.844   0.881     0.862     1385
1                 0.953   0.937     0.945     1590
2                 0.757   0.893     0.819     1399
3                 0.915   0.689     0.786     1407
4                 0.944   0.932     0.938     1331
5                 0.609   0.922     0.733     1267
6                 0.982   0.837     0.904     1310
7                 0.915   0.844     0.878     1491
8                 0.804   0.523     0.634     1437
9                 0.762   0.894     0.823     1383
macro avg         0.849   0.835     0.832    14000
weighted avg      0.851   0.834     0.834    14000
accuracy          0.834