Number of test runs: 3
              precision  recall  f1-score  support
0                 0.926   0.895     0.910     1385
1                 0.966   0.884     0.923     1590
2                 0.837   0.825     0.831     1399
3                 0.803   0.794     0.798     1407
4                 0.945   0.940     0.942     1331
5                 0.786   0.849     0.816     1267
6                 0.920   0.924     0.922     1310
7                 0.970   0.816     0.886     1491
8                 0.715   0.753     0.734     1437
9                 0.774   0.929     0.844     1383
macro avg         0.864   0.861     0.861    14000
weighted avg      0.866   0.860     0.861    14000
accuracy          0.860