Number of test runs: 3
              precision  recall  f1-score  support
0                 0.721   0.712     0.717     1000
1                 0.837   0.819     0.828     1000
2                 0.613   0.591     0.602     1000
3                 0.416   0.531     0.467     1000
4                 0.689   0.615     0.650     1000
5                 0.609   0.585     0.597     1000
6                 0.759   0.773     0.766     1000
7                 0.770   0.751     0.761     1000
8                 0.806   0.799     0.803     1000
9                 0.803   0.768     0.785     1000
macro avg         0.702   0.694     0.697    10000
weighted avg      0.702   0.694     0.697    10000
accuracy          0.694