Number of test runs: 3
              precision  recall  f1-score  support
0                 0.501   0.405     0.448     1000
1                 0.144   0.862     0.246     1000
2                 0.575   0.276     0.373     1000
3                 0.493   0.151     0.231     1000
4                 0.668   0.123     0.208     1000
5                 0.567   0.391     0.463     1000
6                 0.848   0.195     0.317     1000
7                 0.620   0.273     0.379     1000
8                 0.760   0.291     0.421     1000
9                 0.712   0.337     0.458     1000
macro avg         0.589   0.330     0.354    10000
weighted avg      0.589   0.330     0.354    10000
accuracy          0.330