Number of test runs: 3
              precision  recall  f1-score  support
0                 0.642   0.737     0.686     1000
1                 0.830   0.835     0.833     1000
2                 0.563   0.530     0.546     1000
3                 0.430   0.457     0.443     1000
4                 0.659   0.505     0.572     1000
5                 0.478   0.650     0.551     1000
6                 0.832   0.610     0.704     1000
7                 0.789   0.649     0.712     1000
8                 0.698   0.864     0.772     1000
9                 0.833   0.770     0.800     1000
macro avg         0.676   0.661     0.662    10000
weighted avg      0.676   0.661     0.662    10000
accuracy          0.661
Accuracy: 0.661
