Number of test runs: 3
              precision  recall  f1-score  support
0                 0.779   0.826     0.802     1351
1                 0.951   0.825     0.884     1633
2                 0.749   0.740     0.744     1485
3                 0.821   0.602     0.695     1394
4                 0.579   0.792     0.669     1364
5                 0.645   0.636     0.640     1249
6                 0.877   0.755     0.811     1370
7                 0.774   0.794     0.784     1414
8                 0.318   0.353     0.334     1358
9                 0.534   0.551     0.543     1382
macro avg         0.703   0.687     0.691    14000
weighted avg      0.709   0.691     0.695    14000
accuracy          0.691