Number of test runs: 3
              precision  recall  f1-score  support
0                 0.684   0.664     0.674      678
1                 0.719   0.729     0.724     1896
2                 0.718   0.731     0.724     1444
3                 0.636   0.702     0.667     1157
4                 0.723   0.708     0.715     1023
5                 0.695   0.653     0.674      940
6                 0.665   0.679     0.672      773
7                 0.666   0.673     0.669      764
8                 0.673   0.641     0.657      682
9                 0.707   0.635     0.669      643
macro avg         0.689   0.681     0.684    10000
weighted avg      0.693   0.692     0.692    10000
accuracy          0.692
Accuracy: 0.692
