Number of test runs: 3
              precision  recall  f1-score  support
0                 0.991   0.981     0.986      986
1                 0.995   0.968     0.982     1125
2                 0.920   0.953     0.936      999
3                 0.772   0.978     0.863     1020
4                 0.500   0.989     0.664      975
5                 0.886   0.827     0.856      902
6                 0.977   0.943     0.960      982
7                 0.940   0.935     0.937     1042
8                 0.981   0.834     0.901      975
9                 0.900   0.018     0.036      994
macro avg         0.886   0.843     0.812    10000
weighted avg      0.888   0.845     0.814    10000
accuracy          0.845
Accuracy: 0.845
