Number of test runs: 3
              precision  recall  f1-score  support
0                 0.857   0.872     0.864     1385
1                 0.977   0.816     0.889     1590
2                 0.748   0.849     0.795     1399
3                 0.891   0.580     0.703     1407
4                 0.951   0.928     0.939     1331
5                 0.705   0.841     0.767     1267
6                 0.933   0.908     0.920     1310
7                 0.978   0.765     0.858     1491
8                 0.568   0.754     0.648     1437
9                 0.778   0.899     0.835     1383
macro avg         0.839   0.821     0.822    14000
weighted avg      0.841   0.819     0.822    14000
accuracy          0.819