Number of test runs: 3
              precision  recall  f1-score  support
0                 0.628   0.491     0.551     1000
1                 0.629   0.742     0.681     1000
2                 0.475   0.295     0.364     1000
3                 0.440   0.136     0.208     1000
4                 0.490   0.331     0.395     1000
5                 0.394   0.689     0.501     1000
6                 0.465   0.751     0.574     1000
7                 0.681   0.590     0.632     1000
8                 0.566   0.673     0.615     1000
9                 0.622   0.628     0.625     1000
macro avg         0.539   0.533     0.515    10000
weighted avg      0.539   0.533     0.515    10000
accuracy          0.533
Accuracy: 0.533
