Number of test runs: 3
              precision  recall  f1-score  support
0                 0.587   0.924     0.718     1385
1                 0.873   0.875     0.874     1590
2                 0.579   0.794     0.670     1399
3                 0.822   0.443     0.576     1407
4                 0.901   0.471     0.619     1331
5                 0.678   0.473     0.557     1267
6                 0.907   0.696     0.788     1310
7                 0.932   0.687     0.791     1491
8                 0.598   0.660     0.628     1437
9                 0.529   0.871     0.659     1383
macro avg         0.741   0.690     0.688    14000
weighted avg      0.742   0.695     0.692    14000
accuracy          0.695