Number of test runs: 3
              precision  recall  f1-score  support
0                 0.686   0.667     0.676      678
1                 0.698   0.751     0.723     1896
2                 0.730   0.728     0.729     1444
3                 0.677   0.697     0.687     1157
4                 0.709   0.711     0.710     1023
5                 0.700   0.662     0.680      940
6                 0.707   0.657     0.681      773
7                 0.665   0.674     0.670      764
8                 0.659   0.660     0.659      682
9                 0.703   0.635     0.667      643
macro avg         0.693   0.684     0.688    10000
weighted avg      0.696   0.696     0.696    10000
accuracy          0.696
Accuracy: 0.696
