Number of test runs: 3
              precision  recall  f1-score  support
0                 0.601   0.933     0.731     1385
1                 0.947   0.924     0.935     1590
2                 0.807   0.719     0.761     1399
3                 0.920   0.613     0.736     1407
4                 0.849   0.959     0.901     1331
5                 0.844   0.629     0.721     1267
6                 0.926   0.838     0.880     1310
7                 0.953   0.836     0.890     1491
8                 0.576   0.752     0.652     1437
9                 0.865   0.811     0.837     1383
macro avg         0.829   0.801     0.804    14000
weighted avg      0.830   0.803     0.806    14000
accuracy          0.803