Number of test runs: 3
              precision  recall  f1-score  support
0                 0.992   0.997     0.994      986
1                 0.993   0.990     0.992     1125
2                 0.982   0.985     0.984      999
3                 0.994   0.981     0.988     1020
4                 0.975   0.992     0.983      975
5                 0.957   0.990     0.973      902
6                 0.994   0.992     0.993      982
7                 0.982   0.989     0.986     1042
8                 0.981   0.989     0.985      975
9                 0.989   0.936     0.962      994
macro avg         0.984   0.984     0.984    10000
weighted avg      0.984   0.984     0.984    10000
accuracy          0.984
Accuracy: 0.984
