Number of test runs: 3
              precision  recall  f1-score  support
0                 0.993   0.991     0.992      986
1                 0.992   0.980     0.986     1125
2                 0.960   0.990     0.975      999
3                 0.805   0.985     0.886     1020
4                 0.982   0.988     0.985      975
5                 0.994   0.752     0.856      902
6                 0.987   0.989     0.988      982
7                 0.982   0.984     0.983     1042
8                 0.981   0.983     0.982      975
9                 0.987   0.953     0.970      994
macro avg         0.966   0.959     0.960    10000
weighted avg      0.966   0.962     0.961    10000
accuracy          0.962
Accuracy: 0.962
