Number of test runs: 3
              precision  recall  f1-score  support
0                 0.835   0.897     0.865     1385
1                 0.943   0.909     0.926     1590
2                 0.751   0.901     0.819     1399
3                 0.834   0.807     0.820     1407
4                 0.949   0.923     0.936     1331
5                 0.775   0.837     0.805     1267
6                 0.967   0.873     0.918     1310
7                 0.975   0.820     0.891     1491
8                 0.803   0.679     0.736     1437
9                 0.793   0.931     0.856     1383
macro avg         0.862   0.858     0.857    14000
weighted avg      0.864   0.857     0.858    14000
accuracy          0.857