Number of test runs: 3
              precision  recall  f1-score  support
0                 0.692   0.276     0.395     1000
1                 0.693   0.282     0.401     1000
2                 0.240   0.401     0.301     1000
3                 0.000   0.000     0.000     1000
4                 0.324   0.107     0.161     1000
5                 0.500   0.001     0.002     1000
6                 0.654   0.289     0.401     1000
7                 0.943   0.050     0.095     1000
8                 0.624   0.413     0.497     1000
9                 0.151   0.913     0.259     1000
macro avg         0.482   0.273     0.251    10000
weighted avg      0.482   0.273     0.251    10000
accuracy          0.273
Accuracy: 0.273
