Number of test runs: 3
              precision  recall  f1-score  support
0                 0.980   0.994     0.987      986
1                 0.988   0.986     0.987     1125
2                 0.976   0.990     0.983      999
3                 0.986   0.981     0.984     1020
4                 0.983   0.975     0.979      975
5                 0.989   0.984     0.987      902
6                 0.980   0.988     0.984      982
7                 0.977   0.988     0.982     1042
8                 0.979   0.973     0.976      975
9                 0.970   0.949     0.959      994
macro avg         0.981   0.981     0.981    10000
weighted avg      0.981   0.981     0.981    10000
accuracy          0.981
Accuracy: 0.981
