Number of test runs: 3
              precision  recall  f1-score  support
0                 0.818   0.846     0.832     1000
1                 0.932   0.905     0.918     1000
2                 0.777   0.739     0.758     1000
3                 0.640   0.645     0.642     1000
4                 0.767   0.788     0.777     1000
5                 0.734   0.735     0.734     1000
6                 0.846   0.840     0.843     1000
7                 0.840   0.853     0.847     1000
8                 0.895   0.882     0.888     1000
9                 0.879   0.890     0.885     1000
macro avg         0.813   0.812     0.812    10000
weighted avg      0.813   0.812     0.812    10000
accuracy          0.812
Accuracy: 0.812
