Number of test runs: 3
              precision  recall  f1-score  support
0                 0.991   0.994     0.992      986
1                 0.992   0.985     0.988     1125
2                 0.973   0.991     0.982      999
3                 0.992   0.991     0.992     1020
4                 0.977   0.994     0.985      975
5                 0.997   0.986     0.991      902
6                 0.988   0.994     0.991      982
7                 0.986   0.987     0.986     1042
8                 0.990   0.986     0.988      975
9                 0.990   0.968     0.979      994
macro avg         0.987   0.987     0.987    10000
weighted avg      0.987   0.987     0.987    10000
accuracy          0.987
Accuracy: 0.987
