Number of test runs: 3
              precision  recall  f1-score  support
0                 0.951   0.965     0.958     1361
1                 0.966   0.969     0.968     1628
2                 0.954   0.906     0.929     1349
3                 0.957   0.933     0.945     1419
4                 0.953   0.962     0.958     1357
5                 0.905   0.953     0.928     1268
6                 0.918   0.964     0.941     1377
7                 0.934   0.906     0.920     1426
8                 0.925   0.873     0.898     1422
9                 0.879   0.910     0.895     1393
macro avg         0.934   0.934     0.934    14000
weighted avg      0.935   0.934     0.934    14000
accuracy          0.934