Number of test runs: 3
              precision  recall  f1-score  support
0                 0.987   0.993     0.990      986
1                 0.996   0.984     0.990     1125
2                 0.957   0.982     0.969      999
3                 0.932   0.976     0.954     1020
4                 0.976   0.986     0.981      975
5                 0.983   0.955     0.969      902
6                 0.988   0.987     0.987      982
7                 0.983   0.974     0.978     1042
8                 0.980   0.973     0.977      975
9                 0.975   0.941     0.958      994
macro avg         0.976   0.975     0.975    10000
weighted avg      0.976   0.975     0.975    10000
accuracy          0.975
Accuracy: 0.975
