Number of test runs: 3
              precision  recall  f1-score  support
0                 0.471   0.636     0.541     1000
1                 0.772   0.579     0.662     1000
2                 0.506   0.120     0.194     1000
3                 0.250   0.571     0.348     1000
4                 0.379   0.484     0.425     1000
5                 0.435   0.373     0.402     1000
6                 0.703   0.509     0.590     1000
7                 0.739   0.458     0.565     1000
8                 0.525   0.722     0.608     1000
9                 0.754   0.396     0.519     1000
macro avg         0.553   0.485     0.485    10000
weighted avg      0.553   0.485     0.485    10000
accuracy          0.485
Accuracy: 0.485
