Number of test runs: 3

              precision  recall  f1-score  support
0                 0.987   0.989     0.988     1451
1                 0.995   0.979     0.987     1556
2                 0.972   0.970     0.971     1368
3                 0.970   0.972     0.971     1386
4                 0.982   0.985     0.983     1355
5                 0.963   0.987     0.975     1288
6                 0.993   0.985     0.989     1422
7                 0.947   0.988     0.967     1457
8                 0.981   0.962     0.971     1360
9                 0.981   0.950     0.965     1357
macro avg         0.977   0.977     0.977    14000
weighted avg      0.977   0.977     0.977    14000
accuracy          0.977