Number of test runs: 3
              precision  recall  f1-score  support
0                 0.742   0.765     0.753     1351
1                 0.967   0.859     0.910     1633
2                 0.901   0.676     0.773     1485
3                 0.542   0.864     0.666     1394
4                 0.601   0.935     0.732     1364
5                 0.535   0.612     0.571     1249
6                 0.959   0.691     0.804     1370
7                 0.946   0.809     0.872     1414
8                 0.435   0.315     0.365     1358
9                 0.713   0.562     0.629     1382
macro avg         0.734   0.709     0.707    14000
weighted avg      0.742   0.713     0.714    14000
accuracy          0.713