Number of test runs: 3
              precision  recall  f1-score  support
0                 0.614   0.400     0.485     1000
1                 0.622   0.552     0.585     1000
2                 0.297   0.172     0.218     1000
3                 0.306   0.293     0.299     1000
4                 0.246   0.639     0.355     1000
5                 0.540   0.210     0.302     1000
6                 0.638   0.495     0.557     1000
7                 0.625   0.485     0.546     1000
8                 0.550   0.520     0.535     1000
9                 0.449   0.645     0.530     1000
macro avg         0.489   0.441     0.441    10000
weighted avg      0.489   0.441     0.441    10000
accuracy          0.441
Accuracy: 0.441
