Number of test runs: 3
              precision  recall  f1-score  support
0                 0.620   0.788     0.694     1000
1                 0.845   0.857     0.851     1000
2                 0.620   0.457     0.526     1000
3                 0.451   0.374     0.409     1000
4                 0.704   0.450     0.549     1000
5                 0.440   0.725     0.547     1000
6                 0.827   0.638     0.720     1000
7                 0.718   0.702     0.710     1000
8                 0.721   0.862     0.785     1000
9                 0.857   0.786     0.820     1000
macro avg         0.680   0.664     0.661    10000
weighted avg      0.680   0.664     0.661    10000
accuracy          0.664
Accuracy: 0.664
