Number of test runs: 3
              precision  recall  f1-score  support
0                 0.762   0.799     0.780     1351
1                 0.916   0.866     0.890     1633
2                 0.768   0.744     0.756     1485
3                 0.660   0.654     0.657     1394
4                 0.684   0.691     0.688     1364
5                 0.747   0.443     0.556     1249
6                 0.844   0.780     0.811     1370
7                 0.920   0.647     0.760     1414
8                 0.339   0.359     0.349     1358
9                 0.456   0.793     0.579     1382
macro avg         0.710   0.678     0.683    14000
weighted avg      0.714   0.684     0.689    14000
accuracy          0.684