Number of test runs: 3
              precision  recall  f1-score  support
0                 0.636   0.514     0.569     1000
1                 0.678   0.608     0.641     1000
2                 0.487   0.181     0.264     1000
3                 0.416   0.156     0.227     1000
4                 0.420   0.347     0.380     1000
5                 0.315   0.660     0.427     1000
6                 0.454   0.741     0.563     1000
7                 0.719   0.537     0.615     1000
8                 0.530   0.669     0.592     1000
9                 0.576   0.568     0.572     1000
macro avg         0.523   0.498     0.485    10000
weighted avg      0.523   0.498     0.485    10000
accuracy          0.498
Accuracy: 0.498
