Number of test runs: 3
              precision  recall  f1-score  support
0                 0.656   0.718     0.685     1000
1                 0.815   0.830     0.822     1000
2                 0.495   0.573     0.531     1000
3                 0.410   0.447     0.428     1000
4                 0.680   0.470     0.556     1000
5                 0.495   0.619     0.550     1000
6                 0.845   0.580     0.688     1000
7                 0.776   0.670     0.719     1000
8                 0.677   0.869     0.761     1000
9                 0.853   0.737     0.791     1000
macro avg         0.670   0.651     0.653    10000
weighted avg      0.670   0.651     0.653    10000
accuracy          0.651
Accuracy: 0.651
