Number of test runs: 3
              precision  recall  f1-score  support
0                 0.967   0.591     0.733     1385
1                 0.953   0.858     0.903     1590
2                 0.753   0.746     0.749     1399
3                 0.584   0.882     0.703     1407
4                 0.838   0.905     0.870     1331
5                 0.503   0.728     0.595     1267
6                 0.632   0.933     0.753     1310
7                 0.874   0.853     0.864     1491
8                 0.898   0.208     0.338     1437
9                 0.836   0.735     0.783     1383
macro avg         0.784   0.744     0.729    14000
weighted avg      0.790   0.743     0.732    14000
accuracy          0.743