Number of test runs: 3
              precision  recall  f1-score  support
0                 0.997   0.996     0.996      986
1                 0.997   0.995     0.996     1125
2                 0.993   0.996     0.995      999
3                 0.994   0.990     0.992     1020
4                 0.992   0.993     0.992      975
5                 0.990   0.996     0.993      902
6                 0.996   0.998     0.997      982
7                 0.992   0.993     0.993     1042
8                 0.991   0.992     0.991      975
9                 0.989   0.984     0.986      994
macro avg         0.993   0.993     0.993    10000
weighted avg      0.993   0.993     0.993    10000
accuracy          0.993
Accuracy: 0.993
