Number of test runs: 3
              precision  recall  f1-score  support
0                 0.970   0.957     0.964     1361
1                 0.976   0.980     0.978     1628
2                 0.977   0.870     0.920     1349
3                 0.953   0.963     0.958     1419
4                 0.922   0.979     0.950     1357
5                 0.957   0.959     0.958     1268
6                 0.976   0.954     0.965     1377
7                 0.828   0.987     0.901     1426
8                 0.920   0.936     0.928     1422
9                 0.977   0.829     0.897     1393
macro avg         0.946   0.942     0.942    14000
weighted avg      0.946   0.942     0.942    14000
accuracy          0.942