Number of test runs: 3
              precision  recall  f1-score  support
0                 0.896   0.728     0.804     1351
1                 0.959   0.813     0.880     1633
2                 0.857   0.694     0.767     1485
3                 0.631   0.827     0.716     1394
4                 0.715   0.845     0.774     1364
5                 0.698   0.626     0.660     1249
6                 0.832   0.825     0.828     1370
7                 0.896   0.772     0.829     1414
8                 0.427   0.432     0.430     1358
9                 0.597   0.779     0.676     1382
macro avg         0.751   0.734     0.736    14000
weighted avg      0.756   0.737     0.740    14000
accuracy          0.737