Number of test runs: 3
              precision  recall  f1-score  support
0                 0.968   0.969     0.969     1361
1                 0.988   0.967     0.978     1628
2                 0.965   0.877     0.919     1349
3                 0.978   0.926     0.951     1419
4                 0.960   0.959     0.960     1357
5                 0.759   0.992     0.860     1268
6                 0.951   0.935     0.943     1377
7                 0.782   0.996     0.876     1426
8                 0.988   0.748     0.851     1422
9                 0.971   0.846     0.904     1393
macro avg         0.931   0.922     0.921    14000
weighted avg      0.933   0.921     0.922    14000
accuracy          0.921