Number of test runs: 3
              precision  recall  f1-score  support
0                 0.813   0.923     0.864     1385
1                 0.978   0.853     0.911     1590
2                 0.782   0.858     0.818     1399
3                 0.893   0.733     0.805     1407
4                 0.945   0.944     0.945     1331
5                 0.774   0.884     0.825     1267
6                 0.965   0.878     0.919     1310
7                 0.978   0.797     0.878     1491
8                 0.732   0.756     0.744     1437
9                 0.774   0.941     0.849     1383
macro avg         0.863   0.857     0.856    14000
weighted avg      0.865   0.855     0.856    14000
accuracy          0.855