Number of test runs: 3
              precision  recall  f1-score  support
0                 0.902   0.929     0.915     1385
1                 0.912   0.944     0.928     1590
2                 0.808   0.851     0.829     1399
3                 0.760   0.864     0.809     1407
4                 0.948   0.939     0.944     1331
5                 0.747   0.858     0.799     1267
6                 0.949   0.915     0.932     1310
7                 0.982   0.784     0.872     1491
8                 0.896   0.571     0.698     1437
9                 0.755   0.936     0.836     1383
macro avg         0.866   0.859     0.856    14000
weighted avg      0.868   0.858     0.856    14000
accuracy          0.858