Number of test runs: 3
              precision  recall  f1-score  support
0                 0.851   0.778     0.813     1385
1                 0.898   0.884     0.891     1590
2                 0.583   0.885     0.703     1399
3                 0.834   0.451     0.585     1407
4                 0.687   0.955     0.799     1331
5                 0.872   0.572     0.691     1267
6                 0.933   0.787     0.854     1310
7                 0.838   0.885     0.861     1491
8                 0.557   0.779     0.649     1437
9                 0.871   0.576     0.694     1383
macro avg         0.792   0.755     0.754    14000
weighted avg      0.792   0.758     0.756    14000
accuracy          0.758