Number of test runs: 3
              precision  recall  f1-score  support
0                 0.950   0.822     0.882     1385
1                 0.962   0.883     0.921     1590
2                 0.774   0.823     0.797     1399
3                 0.667   0.869     0.754     1407
4                 0.805   0.970     0.880     1331
5                 0.460   0.796     0.583     1267
6                 0.905   0.884     0.895     1310
7                 0.882   0.871     0.877     1491
8                 0.905   0.178     0.298     1437
9                 0.799   0.689     0.740     1383
macro avg         0.811   0.778     0.763    14000
weighted avg      0.816   0.777     0.764    14000
accuracy          0.777