Number of test runs: 3
              precision  recall  f1-score  support
0                 0.367   0.677     0.476     1000
1                 0.384   0.605     0.470     1000
2                 0.393   0.057     0.100     1000
3                 0.307   0.225     0.260     1000
4                 0.286   0.562     0.379     1000
5                 0.378   0.414     0.395     1000
6                 0.561   0.356     0.435     1000
7                 0.629   0.278     0.386     1000
8                 0.548   0.454     0.496     1000
9                 0.454   0.332     0.383     1000
macro avg         0.431   0.396     0.378    10000
weighted avg      0.431   0.396     0.378    10000
accuracy          0.396