Number of test runs: 3
              precision  recall  f1-score  support
0                 0.729   0.945     0.823     1385
1                 0.978   0.883     0.928     1590
2                 0.820   0.834     0.827     1399
3                 0.856   0.805     0.830     1407
4                 0.941   0.929     0.935     1331
5                 0.788   0.839     0.813     1267
6                 0.887   0.911     0.899     1310
7                 0.988   0.748     0.852     1491
8                 0.819   0.592     0.687     1437
9                 0.711   0.949     0.813     1383
macro avg         0.852   0.844     0.841    14000
weighted avg      0.854   0.842     0.841    14000
accuracy          0.842