Number of test runs: 3
              precision  recall  f1-score  support
0                 0.964   0.952     0.957     1361
1                 0.973   0.983     0.978     1628
2                 0.956   0.954     0.955     1349
3                 0.975   0.936     0.955     1419
4                 0.923   0.985     0.953     1357
5                 0.904   0.975     0.938     1268
6                 0.935   0.977     0.956     1377
7                 0.966   0.926     0.946     1426
8                 0.959   0.914     0.936     1422
9                 0.950   0.905     0.927     1393
macro avg         0.950   0.951     0.950    14000
weighted avg      0.951   0.951     0.951    14000
accuracy          0.951