Number of test runs: 3
              precision  recall  f1-score  support
0                 0.988   0.995     0.991      986
1                 0.995   0.991     0.993     1125
2                 0.985   0.988     0.987      999
3                 0.992   0.984     0.988     1020
4                 0.982   0.989     0.985      975
5                 0.961   0.991     0.976      902
6                 0.988   0.993     0.990      982
7                 0.982   0.990     0.986     1042
8                 0.982   0.975     0.979      975
9                 0.984   0.945     0.964      994
macro avg         0.984   0.984     0.984    10000
weighted avg      0.984   0.984     0.984    10000
accuracy          0.984
Accuracy: 0.984
