Number of test runs: 3
              precision  recall  f1-score  support
0                 0.631   0.503     0.560     1000
1                 0.647   0.698     0.671     1000
2                 0.502   0.228     0.314     1000
3                 0.339   0.104     0.159     1000
4                 0.510   0.302     0.379     1000
5                 0.280   0.757     0.409     1000
6                 0.522   0.698     0.598     1000
7                 0.732   0.537     0.619     1000
8                 0.581   0.636     0.607     1000
9                 0.609   0.552     0.579     1000
macro avg         0.535   0.502     0.490    10000
weighted avg      0.535   0.501     0.490    10000
accuracy          0.501
Accuracy: 0.501
