Number of test runs: 3
              precision  recall  f1-score  support
0                 0.695   0.832     0.757     1351
1                 0.954   0.844     0.895     1633
2                 0.855   0.739     0.793     1485
3                 0.685   0.751     0.717     1394
4                 0.713   0.818     0.762     1364
5                 0.631   0.552     0.589     1249
6                 0.941   0.707     0.807     1370
7                 0.932   0.723     0.814     1414
8                 0.397   0.455     0.424     1358
9                 0.582   0.752     0.656     1382
macro avg         0.738   0.717     0.721    14000
weighted avg      0.745   0.721     0.727    14000
accuracy          0.721