Number of test runs: 3
              precision  recall  f1-score  support
0                 0.838   0.882     0.860     1385
1                 0.981   0.844     0.907     1590
2                 0.857   0.863     0.860     1399
3                 0.837   0.864     0.850     1407
4                 0.956   0.941     0.949     1331
5                 0.849   0.810     0.829     1267
6                 0.880   0.944     0.911     1310
7                 0.967   0.845     0.902     1491
8                 0.722   0.782     0.751     1437
9                 0.832   0.920     0.874     1383
macro avg         0.872   0.870     0.869    14000
weighted avg      0.873   0.869     0.869    14000
accuracy          0.869