Number of test runs: 3
              precision  recall  f1-score  support
0                 0.705   0.422     0.528     1000
1                 0.823   0.339     0.480     1000
2                 0.535   0.329     0.407     1000
3                 0.601   0.134     0.219     1000
4                 0.729   0.207     0.322     1000
5                 0.652   0.264     0.376     1000
6                 0.770   0.408     0.533     1000
7                 0.842   0.294     0.436     1000
8                 0.146   0.900     0.251     1000
9                 0.846   0.341     0.486     1000
macro avg         0.665   0.364     0.404    10000
weighted avg      0.665   0.364     0.404    10000
accuracy          0.364