Number of test runs: 3
              precision  recall  f1-score  support
0                 0.396   0.555     0.462     1000
1                 0.422   0.751     0.540     1000
2                 0.250   0.001     0.002     1000
3                 0.333   0.001     0.002     1000
4                 0.150   0.902     0.257     1000
5                 1.000   0.001     0.002     1000
6                 0.750   0.003     0.006     1000
7                 0.876   0.296     0.442     1000
8                 0.491   0.221     0.305     1000
9                 0.600   0.003     0.006     1000
macro avg         0.527   0.273     0.202    10000
weighted avg      0.527   0.273     0.202    10000
accuracy          0.273
Accuracy: 0.273
