Number of test runs: 3
              precision  recall  f1-score  support
0                 0.784   0.924     0.848     1385
1                 0.948   0.927     0.937     1590
2                 0.824   0.844     0.834     1399
3                 0.970   0.512     0.670     1407
4                 0.727   0.958     0.827     1331
5                 0.699   0.917     0.793     1267
6                 0.903   0.827     0.863     1310
7                 0.904   0.844     0.873     1491
8                 0.656   0.852     0.741     1437
9                 0.942   0.519     0.669     1383
macro avg         0.836   0.813     0.806    14000
weighted avg      0.839   0.813     0.807    14000
accuracy          0.813