Number of test runs: 3
              precision  recall  f1-score  support
0                 0.877   0.821     0.848     1351
1                 0.996   0.859     0.923     1633
2                 0.896   0.705     0.789     1485
3                 0.527   0.958     0.680     1394
4                 0.907   0.875     0.891     1364
5                 0.550   0.602     0.575     1249
6                 0.854   0.915     0.883     1370
7                 0.903   0.820     0.859     1414
8                 0.560   0.273     0.367     1358
9                 0.677   0.748     0.711     1382
macro avg         0.775   0.758     0.753    14000
weighted avg      0.782   0.761     0.758    14000
accuracy          0.761