Number of test runs: 3
              precision  recall  f1-score  support
0                 0.377   0.579     0.457     1000
1                 0.568   0.422     0.484     1000
2                 0.359   0.229     0.280     1000
3                 0.289   0.215     0.247     1000
4                 0.232   0.425     0.300     1000
5                 0.458   0.367     0.408     1000
6                 0.541   0.497     0.518     1000
7                 0.615   0.488     0.544     1000
8                 0.548   0.459     0.499     1000
9                 0.446   0.514     0.477     1000
macro avg         0.443   0.420     0.421    10000
weighted avg      0.443   0.419     0.421    10000
accuracy          0.419
Accuracy: 0.419
