Number of test runs: 3
              precision  recall  f1-score  support
0                 0.897   0.791     0.840     1385
1                 0.965   0.911     0.937     1590
2                 0.651   0.896     0.755     1399
3                 0.885   0.412     0.563     1407
4                 0.948   0.730     0.825     1331
5                 0.690   0.794     0.738     1267
6                 0.888   0.926     0.907     1310
7                 0.984   0.721     0.832     1491
8                 0.601   0.668     0.633     1437
9                 0.601   0.938     0.733     1383
macro avg         0.811   0.779     0.776    14000
weighted avg      0.814   0.779     0.778    14000
accuracy          0.779