10% (5600) labels:

precision    recall  f1-score   support

0      0.991     0.988     0.990      1372
1      0.986     0.987     0.986      1510
2      0.977     0.971     0.974      1393
3      0.992     0.968     0.980      1449
4      0.974     0.994     0.984      1304
5      0.991     0.980     0.986      1333
6      0.982     0.994     0.988      1397
7      0.980     0.974     0.977      1479
8      0.937     0.987     0.961      1305
9      0.989     0.960     0.975      1458

accuracy                          0.980     14000
macro avg      0.980     0.980     0.980     14000
weighted avg      0.980     0.980     0.980     14000


1% (560) labels:

precision    recall  f1-score   support

0      0.942     0.980     0.961      1332
1      0.956     0.989     0.972      1580
2      0.963     0.915     0.938      1450
3      0.987     0.886     0.934      1423
4      0.957     0.977     0.967      1379
5      0.937     0.973     0.955      1305
6      0.971     0.972     0.971      1393
7      0.954     0.946     0.950      1438
8      0.922     0.926     0.924      1288
9      0.922     0.945     0.933      1412

accuracy                          0.951     14000
macro avg      0.951     0.951     0.951     14000
weighted avg      0.952     0.951     0.951     14000


0.1% (56) labels:

precision    recall  f1-score   support

0      0.939     0.827     0.880      1378
1      0.837     0.898     0.866      1604
2      0.935     0.827     0.878      1368
3      0.838     0.905     0.870      1425
4      0.811     0.757     0.783      1358
5      0.968     0.781     0.864      1277
6      0.885     0.818     0.850      1341
7      0.954     0.690     0.801      1406
8      0.685     0.822     0.747      1424
9      0.642     0.929     0.759      1419

accuracy                          0.827     14000
macro avg      0.849     0.825     0.830     14000
weighted avg      0.847     0.827     0.830     14000
