Number of test runs: 3
              precision  recall  f1-score  support
0                 0.736   0.920     0.818     1385
1                 0.945   0.909     0.927     1590
2                 0.707   0.655     0.680     1399
3                 0.518   0.795     0.627     1407
4                 0.926   0.887     0.906     1331
5                 0.770   0.491     0.600     1267
6                 0.884   0.864     0.874     1310
7                 0.965   0.796     0.872     1491
8                 0.818   0.427     0.561     1437
9                 0.665   0.935     0.778     1383
macro avg         0.793   0.768     0.764    14000
weighted avg      0.796   0.770     0.767    14000
accuracy          0.770