Number of test runs: 3
              precision  recall  f1-score  support
0                 0.320   0.628     0.424     1000
1                 0.536   0.427     0.475     1000
2                 0.211   0.334     0.259     1000
3                 0.171   0.518     0.257     1000
4                 0.299   0.450     0.359     1000
5                 0.756   0.068     0.125     1000
6                 0.624   0.286     0.392     1000
7                 0.936   0.117     0.208     1000
8                 0.589   0.241     0.342     1000
9                 0.868   0.033     0.064     1000
macro avg         0.531   0.310     0.290    10000
weighted avg      0.531   0.310     0.290    10000
accuracy          0.310
Accuracy: 0.310
