Number of test runs: 3
              precision  recall  f1-score  support
0                 0.640   0.713     0.675     1000
1                 0.824   0.811     0.818     1000
2                 0.589   0.493     0.537     1000
3                 0.414   0.428     0.421     1000
4                 0.650   0.494     0.561     1000
5                 0.443   0.684     0.538     1000
6                 0.851   0.588     0.695     1000
7                 0.771   0.637     0.698     1000
8                 0.684   0.861     0.762     1000
9                 0.809   0.768     0.788     1000
macro avg         0.667   0.648     0.649    10000
weighted avg      0.667   0.648     0.649    10000
accuracy          0.648
Accuracy: 0.648
