Number of test runs: 3
              precision  recall  f1-score  support
0                 0.582   0.918     0.712     1385
1                 0.923   0.816     0.866     1590
2                 0.783   0.597     0.677     1399
3                 0.674   0.725     0.698     1407
4                 0.539   0.957     0.690     1331
5                 0.908   0.395     0.551     1267
6                 0.920   0.744     0.822     1310
7                 0.823   0.853     0.838     1491
8                 0.601   0.764     0.673     1437
9                 0.842   0.293     0.435     1383
macro avg         0.759   0.706     0.696    14000
weighted avg      0.760   0.711     0.700    14000
accuracy          0.711