Number of test runs: 3
              precision  recall  f1-score  support
0                 0.000   0.000     0.000     1000
1                 0.000   0.000     0.000     1000
2                 0.000   0.000     0.000     1000
3                 0.000   0.000     0.000     1000
4                 0.110   0.334     0.166     1000
5                 0.200   0.003     0.006     1000
6                 0.000   0.000     0.000     1000
7                 0.000   0.000     0.000     1000
8                 0.000   0.000     0.000     1000
9                 0.105   0.731     0.184     1000
macro avg         0.042   0.107     0.036    10000
weighted avg      0.042   0.107     0.036    10000
accuracy          0.107
Accuracy: 0.107
Hter: 0.000
