Number of test runs: 3
              precision  recall  f1-score  support
0                 0.686   0.832     0.752     1385
1                 0.798   0.913     0.852     1590
2                 0.783   0.735     0.758     1399
3                 0.645   0.785     0.708     1407
4                 0.690   0.867     0.769     1331
5                 0.619   0.590     0.604     1267
6                 0.788   0.800     0.794     1310
7                 0.759   0.893     0.820     1491
8                 0.889   0.335     0.487     1437
9                 0.740   0.518     0.609     1383
macro avg         0.740   0.727     0.715    14000
weighted avg      0.742   0.730     0.718    14000
accuracy          0.730