Number of test runs: 3
              precision  recall  f1-score  support
0                 0.821   0.901     0.859     1385
1                 0.961   0.806     0.876     1590
2                 0.682   0.858     0.760     1399
3                 0.870   0.648     0.743     1407
4                 0.935   0.934     0.934     1331
5                 0.769   0.736     0.752     1267
6                 0.929   0.882     0.905     1310
7                 0.956   0.792     0.866     1491
8                 0.611   0.790     0.689     1437
9                 0.795   0.839     0.816     1383
macro avg         0.833   0.819     0.820    14000
weighted avg      0.834   0.818     0.820    14000
accuracy          0.818