Number of test runs: 3
              precision  recall  f1-score  support
0                 0.697   0.931     0.797     1385
1                 0.908   0.860     0.883     1590
2                 0.674   0.788     0.726     1399
3                 0.753   0.597     0.666     1407
4                 0.847   0.881     0.864     1331
5                 0.850   0.492     0.623     1267
6                 0.847   0.868     0.857     1310
7                 0.968   0.708     0.818     1491
8                 0.699   0.724     0.712     1437
9                 0.664   0.889     0.760     1383
macro avg         0.791   0.774     0.771    14000
weighted avg      0.792   0.776     0.773    14000
accuracy          0.776