Number of test runs: 3
              precision  recall  f1-score  support
0                 0.661   0.203     0.311     1000
1                 0.670   0.303     0.417     1000
2                 0.267   0.394     0.319     1000
3                 0.480   0.121     0.193     1000
4                 0.480   0.122     0.195     1000
5                 0.519   0.084     0.145     1000
6                 0.664   0.166     0.266     1000
7                 0.657   0.155     0.251     1000
8                 0.131   0.824     0.226     1000
9                 0.634   0.210     0.316     1000
macro avg         0.516   0.258     0.264    10000
weighted avg      0.516   0.258     0.264    10000
accuracy          0.258