Number of test runs: 3
              precision  recall  f1-score  support
0                 0.510   0.496     0.503     1000
1                 0.437   0.815     0.569     1000
2                 0.492   0.222     0.306     1000
3                 0.314   0.058     0.098     1000
4                 0.396   0.439     0.416     1000
5                 0.367   0.691     0.479     1000
6                 0.478   0.686     0.563     1000
7                 0.851   0.366     0.512     1000
8                 0.453   0.726     0.558     1000
9                 0.821   0.055     0.103     1000
macro avg         0.512   0.455     0.411    10000
weighted avg      0.512   0.455     0.411    10000
accuracy          0.455
Accuracy: 0.455
