Number of test runs: 3
              precision  recall  f1-score  support
0                 0.992   0.996     0.994      986
1                 0.997   0.988     0.993     1125
2                 0.983   0.985     0.984      999
3                 0.991   0.980     0.986     1020
4                 0.978   0.995     0.986      975
5                 0.961   0.990     0.975      902
6                 0.992   0.994     0.993      982
7                 0.982   0.988     0.985     1042
8                 0.976   0.978     0.977      975
9                 0.990   0.951     0.970      994
macro avg         0.984   0.985     0.984    10000
weighted avg      0.985   0.985     0.984    10000
accuracy          0.985
Accuracy: 0.985
