Number of test runs: 3
              precision  recall  f1-score  support
0                 0.807   0.932     0.865     1385
1                 0.971   0.888     0.928     1590
2                 0.706   0.909     0.795     1399
3                 0.940   0.638     0.760     1407
4                 0.943   0.941     0.942     1331
5                 0.800   0.897     0.846     1267
6                 0.959   0.885     0.921     1310
7                 0.984   0.789     0.876     1491
8                 0.774   0.761     0.767     1437
9                 0.794   0.933     0.858     1383
macro avg         0.868   0.857     0.856    14000
weighted avg      0.870   0.856     0.856    14000
accuracy          0.856