Number of test runs: 3
              precision  recall  f1-score  support
0                 0.858   0.917     0.887      986
1                 0.623   0.988     0.764     1125
2                 0.981   0.514     0.674      999
3                 0.695   0.869     0.772     1020
4                 0.946   0.798     0.866      975
5                 0.985   0.430     0.599      902
6                 0.752   0.955     0.842      982
7                 0.576   0.964     0.721     1042
8                 0.797   0.455     0.580      975
9                 0.870   0.526     0.656      994
macro avg         0.808   0.742     0.736    10000
weighted avg      0.803   0.749     0.737    10000
accuracy          0.749
Accuracy: 0.749
Hter: 0.000
