Number of test runs: 3
              precision  recall  f1-score  support
0                 0.836   0.884     0.859     1385
1                 0.949   0.901     0.925     1590
2                 0.839   0.837     0.838     1399
3                 0.835   0.796     0.815     1407
4                 0.982   0.840     0.906     1331
5                 0.867   0.802     0.833     1267
6                 0.953   0.879     0.914     1310
7                 0.991   0.718     0.832     1491
8                 0.688   0.800     0.740     1437
9                 0.654   0.954     0.776     1383
macro avg         0.859   0.841     0.844    14000
weighted avg      0.860   0.841     0.844    14000
accuracy          0.841