Number of test runs: 3
              precision  recall  f1-score  support
0                 0.461   0.389     0.422     1385
1                 0.851   0.252     0.388     1590
2                 0.384   0.551     0.453     1399
3                 0.507   0.467     0.486     1407
4                 0.354   0.541     0.428     1331
5                 0.346   0.313     0.328     1267
6                 0.448   0.698     0.546     1310
7                 0.355   0.272     0.308     1491
8                 0.469   0.436     0.452     1437
9                 0.373   0.368     0.371     1383
macro avg         0.455   0.429     0.418    14000
weighted avg      0.461   0.424     0.417    14000
accuracy          0.424