Number of test runs: 3
              precision  recall  f1-score  support
0                 0.755   0.770     0.762     1000
1                 0.839   0.862     0.850     1000
2                 0.645   0.586     0.614     1000
3                 0.501   0.509     0.505     1000
4                 0.664   0.634     0.649     1000
5                 0.577   0.608     0.592     1000
6                 0.743   0.769     0.756     1000
7                 0.781   0.744     0.762     1000
8                 0.809   0.825     0.817     1000
9                 0.782   0.791     0.786     1000
macro avg         0.710   0.710     0.709    10000
weighted avg      0.710   0.710     0.709    10000
accuracy          0.710
Accuracy: 0.710
