Number of test runs: 3
              precision  recall  f1-score  support
0                 0.875   0.870     0.873     1385
1                 0.952   0.933     0.942     1590
2                 0.889   0.728     0.801     1399
3                 0.778   0.742     0.760     1407
4                 0.903   0.933     0.918     1331
5                 0.880   0.631     0.735     1267
6                 0.900   0.940     0.920     1310
7                 0.982   0.739     0.843     1491
8                 0.584   0.806     0.677     1437
9                 0.712   0.937     0.809     1383
macro avg         0.846   0.826     0.828    14000
weighted avg      0.846   0.827     0.829    14000
accuracy          0.827