Number of test runs: 3
              precision  recall  f1-score  support
0                 0.634   0.765     0.694     1000
1                 0.833   0.860     0.846     1000
2                 0.638   0.444     0.524     1000
3                 0.446   0.411     0.428     1000
4                 0.712   0.501     0.588     1000
5                 0.460   0.706     0.557     1000
6                 0.809   0.655     0.724     1000
7                 0.750   0.686     0.716     1000
8                 0.706   0.877     0.782     1000
9                 0.835   0.783     0.808     1000
macro avg         0.682   0.669     0.667    10000
weighted avg      0.682   0.669     0.667    10000
accuracy          0.669
Accuracy: 0.669
