Number of test runs: 3
              precision  recall  f1-score  support
0                 0.434   0.573     0.494     1000
1                 0.477   0.760     0.586     1000
2                 0.458   0.181     0.259     1000
3                 0.313   0.228     0.264     1000
4                 0.396   0.360     0.377     1000
5                 0.384   0.506     0.437     1000
6                 0.466   0.662     0.547     1000
7                 0.653   0.524     0.582     1000
8                 0.624   0.487     0.547     1000
9                 0.574   0.421     0.486     1000
macro avg         0.478   0.470     0.458    10000
weighted avg      0.478   0.470     0.458    10000
accuracy          0.470
Accuracy: 0.470
