Number of test runs: 3
              precision  recall  f1-score  support
0                 0.800   0.931     0.861     1385
1                 0.931   0.909     0.920     1590
2                 0.704   0.939     0.804     1399
3                 0.865   0.755     0.806     1407
4                 0.945   0.938     0.942     1331
5                 0.804   0.838     0.821     1267
6                 0.973   0.822     0.891     1310
7                 0.977   0.805     0.883     1491
8                 0.838   0.678     0.750     1437
9                 0.802   0.927     0.860     1383
macro avg         0.864   0.854     0.854    14000
weighted avg      0.865   0.854     0.854    14000
accuracy          0.854