Number of test runs: 3
              precision  recall  f1-score  support
0                 0.751   0.938     0.834     1385
1                 0.971   0.930     0.950     1590
2                 0.864   0.828     0.846     1399
3                 0.950   0.633     0.759     1407
4                 0.889   0.965     0.925     1331
5                 0.856   0.809     0.832     1267
6                 0.960   0.844     0.898     1310
7                 0.961   0.844     0.899     1491
8                 0.622   0.859     0.722     1437
9                 0.841   0.843     0.842     1383
macro avg         0.867   0.849     0.851    14000
weighted avg      0.868   0.850     0.852    14000
accuracy          0.850