Number of test runs: 3
              precision  recall  f1-score  support
0                 0.866   0.983     0.921      986
1                 0.905   0.975     0.939     1125
2                 0.865   0.831     0.847      999
3                 0.829   0.884     0.856     1020
4                 0.934   0.891     0.912      975
5                 0.849   0.797     0.822      902
6                 0.946   0.870     0.906      982
7                 0.891   0.880     0.886     1042
8                 0.775   0.745     0.759      975
9                 0.815   0.800     0.808      994
macro avg         0.868   0.866     0.866    10000
weighted avg      0.868   0.868     0.867    10000
accuracy          0.868
Accuracy: 0.868
