Number of test runs: 3
              precision  recall  f1-score  support
0                 0.419   0.404     0.411     1000
1                 0.476   0.509     0.492     1000
2                 0.000   0.000     0.000     1000
3                 0.167   0.001     0.002     1000
4                 0.196   0.020     0.036     1000
5                 0.183   0.813     0.299     1000
6                 0.301   0.432     0.355     1000
7                 0.328   0.315     0.322     1000
8                 1.000   0.003     0.006     1000
9                 0.262   0.266     0.264     1000
macro avg         0.333   0.276     0.219    10000
weighted avg      0.333   0.276     0.219    10000
accuracy          0.276