Number of test runs: 3
              precision  recall  f1-score  support
0                 0.755   0.918     0.829     1385
1                 0.986   0.821     0.896     1590
2                 0.751   0.883     0.812     1399
3                 0.942   0.670     0.783     1407
4                 0.939   0.944     0.941     1331
5                 0.875   0.845     0.860     1267
6                 0.941   0.898     0.919     1310
7                 0.986   0.781     0.872     1491
8                 0.691   0.817     0.749     1437
9                 0.785   0.940     0.856     1383
macro avg         0.865   0.852     0.852    14000
weighted avg      0.866   0.850     0.851    14000
accuracy          0.850