Number of test runs: 3
              precision  recall  f1-score  support
0                 0.773   0.957     0.855     1385
1                 0.899   0.968     0.932     1590
2                 0.923   0.803     0.859     1399
3                 0.778   0.928     0.846     1407
4                 0.880   0.962     0.919     1331
5                 0.850   0.785     0.817     1267
6                 0.935   0.807     0.866     1310
7                 0.980   0.782     0.870     1491
8                 0.902   0.588     0.712     1437
9                 0.728   0.946     0.823     1383
macro avg         0.865   0.853     0.850    14000
weighted avg      0.866   0.853     0.851    14000
accuracy          0.853