Number of test runs: 3
              precision  recall  f1-score  support
0                 0.543   0.503     0.522     1000
1                 0.628   0.707     0.665     1000
2                 0.380   0.268     0.314     1000
3                 0.385   0.150     0.216     1000
4                 0.403   0.424     0.413     1000
5                 0.375   0.681     0.483     1000
6                 0.496   0.607     0.546     1000
7                 0.718   0.491     0.583     1000
8                 0.555   0.629     0.590     1000
9                 0.630   0.592     0.610     1000
macro avg         0.511   0.505     0.494    10000
weighted avg      0.511   0.505     0.494    10000
accuracy          0.505
Accuracy: 0.505
